{
  "window": {
    "startupPosX": 424,
    "startupPosY": 95,
    "viewportWidth": 1014,
    "viewportHeight": 727,
    "colBGx": 0.25,
    "colBGy": 0.6499999761581421,
    "colBGz": 0.8500000238418579,
    "theme": 1
  },
  "image": {
    "imageSaveFormatIndex": 1
  }
}