{
  "window": {
    "startupPosX": 237,
    "startupPosY": 77,
    "viewportWidth": 1121,
    "viewportHeight": 863,
    "colBGx": 0.2499999850988388,
    "colBGy": 0.489999920129776,
    "colBGz": 0.8500000238418579,
    "theme": 1
  },
  "image": {
    "imageSaveFormatIndex": 1
  }
}