{
  "window": {
    "startupPosX": 270,
    "startupPosY": 56,
    "viewportWidth": 1024,
    "viewportHeight": 900,
    "colBGx": 0.25,
    "colBGy": 0.6499999761581421,
    "colBGz": 0.8500000238418579,
    "theme": 1
  },
  "image": {
    "imageSaveFormatIndex": 1
  }
}