{
  "window": {
    "startupPosX": 566,
    "startupPosY": 163,
    "viewportWidth": 641,
    "viewportHeight": 639,
    "colBGx": 0.25,
    "colBGy": 0.6499999761581421,
    "colBGz": 0.8500000238418579,
    "theme": 1
  },
  "image": {
    "imageSaveFormatIndex": 1
  }
}