{
  "window": {
    "startupPosX": 334,
    "startupPosY": 79,
    "viewportWidth": 1030,
    "viewportHeight": 900,
    "colBGx": 6.990397721529007e-2,
    "colBGy": 3.4314772486686707e-1,
    "colBGz": 3.85185182094574e-1,
    "theme": 2
  },
  "image": {
    "imageSaveFormatIndex": 1
  }
}