{
  "window": {
    "startupPosX": 384,
    "startupPosY": 77,
    "viewportWidth": 1030,
    "viewportHeight": 900,
    "colBGx": 4.000000059604645e-1,
    "colBGy": 6.047114729881287e-1,
    "colBGz": 4.474210739135742e-1,
    "theme": 2
  },
  "image": {
    "imageSaveFormatIndex": 1
  }
}