{
  "window": {
    "startupPosX": 334,
    "startupPosY": 79,
    "viewportWidth": 1030,
    "viewportHeight": 900,
    "colBGx": 3.8333332538604736e-1,
    "colBGy": 6.047114729881287e-1,
    "colBGz": 4.474210739135742e-1,
    "theme": 2
  },
  "image": {
    "imageSaveFormatIndex": 1
  }
}