{
  "window": {
    "startupPosX": 420,
    "startupPosY": 140,
    "viewportWidth": 1151,
    "viewportHeight": 715,
    "colBGx": 0.25,
    "colBGy": 0.6499999761581421,
    "colBGz": 0.8500000238418579,
    "theme": 1
  },
  "image": {
    "imageSaveFormatIndex": 1
  }
}