{
  "window": {
    "startupPosX": 178,
    "startupPosY": 42,
    "viewportWidth": 1227,
    "viewportHeight": 918,
    "colBGx": 0.25,
    "colBGy": 0.6499999761581421,
    "colBGz": 0.8500000238418579,
    "theme": 1
  },
  "image": {
    "imageSaveFormatIndex": 1
  }
}