{
  "window": {
    "startupPosX": 37,
    "startupPosY": 119,
    "viewportWidth": 1024,
    "viewportHeight": 900,
    "colBGx": 2.499999850988388e-1,
    "colBGy": 4.89999920129776e-1,
    "colBGz": 8.500000238418579e-1,
    "theme": 1
  },
  "image": {
    "imageSaveFormatIndex": 1
  }
}