{
  "window": {
    "startupPosX": 324,
    "startupPosY": 51,
    "viewportWidth": 1051,
    "viewportHeight": 768,
    "colBGx": 2.499999850988388e-1,
    "colBGy": 4.89999920129776e-1,
    "colBGz": 8.500000238418579e-1,
    "theme": 1
  },
  "image": {
    "imageSaveFormatIndex": 1
  }
}