{
  "window": {
    "startupPosX": 484,
    "startupPosY": 109,
    "viewportWidth": 792,
    "viewportHeight": 699,
    "colBGx": 0,
    "colBGy": 0.20000000298023224,
    "colBGz": 0.10000000149011612,
    "theme": 1
  },
  "image": {
    "imageSaveFormatIndex": 1
  }
}